Homes:
  main:
    X: 411.5074623791871
    Y: 67.9375
    Z: 1253.0155465232344
    Yaw: 101.999985
    Pitch: 19.19997
    World: world
